rb    omega	Omega	   i	    e	      a
----------------------------------------------------
1      46.6     221.3      20.8     0.465     0.784
2     117.7      67.5      13.8     0.351     0.972
3     349.8     257.4       5.2     0.345     0.812
4     206.2      51.5      30.4     0.286     0.845
5     117.7      30.2      27.8     0.275     0.972
6      82.4      86.7      14.6     0.547     0.937
7     211.5      22.7       1.1     0.030     0.980
8     313.3     207.9       6.0     0.711     0.910
9     348.9     186.1      12.6     0.434     0.854
10     218.6      13.0      21.1     0.515     0.894
11      57.2     185.7       2.2     0.280     0.926
12     183.7     352.4      23.7     0.356     0.935
13     223.7     296.3       4.9     0.243     0.952
14      48.9     106.3      27.7     0.524     0.904
15     185.8     242.9      16.8     0.602     0.649
16     216.5     233.8       4.8     0.364     0.844
17      32.3      52.2       1.6     0.282     0.874
18     201.4     223.3       4.0     0.243     0.918
19     314.2     117.6       5.5     0.680     0.938
20     350.4      47.4       8.2     0.227     0.913
21     118.5     202.5      18.6     0.188     0.971
22     319.2      24.5       8.5     0.258     0.869
23     193.1     201.9       7.7     0.419     0.790
24      37.5      10.8      49.3     0.519     0.782
25     335.0      38.8      20.1     0.527     0.896
26     344.9      18.7      15.3     0.199     0.863
27     178.1     183.7      15.8     0.546     0.832
28      20.8      13.5       6.2     0.294     0.814
29     246.4     183.2       5.1     0.352     0.980
30     330.5     359.7      13.1     0.221     0.923
31     165.0     169.4      12.4     0.249     0.839
32     295.6     355.9      10.5     0.164     0.949
33     169.6     160.3       3.4     0.307     0.828
34      43.9     334.9      10.7     0.277     0.912
35     350.0       4.8      10.4     0.180     0.927
36      35.9     333.3       3.0     0.658     0.731
37     355.3     346.3      30.5     0.228     0.982
38     218.9     153.3       3.0     0.274     0.856
39     178.2     155.4       8.7     0.165     0.897
40     152.7     159.6      25.1     0.275     0.840
41     350.5      35.2      10.6     0.050     0.957
42     199.0     153.1      26.5     0.613     0.809
43     245.7     131.3       2.9     0.372     0.975
44     359.1     326.2       6.7     0.436     0.700
45     289.7      17.3       0.2     0.144     0.886
46     176.7     134.0       4.2     0.325     0.875
47      26.8     324.9       0.3     0.241     0.847
48     159.9     148.1       9.4     0.870     0.911
49     335.3     315.3       5.2     0.206     0.837
50       1.2     281.0       0.4     0.098     0.950
51      72.0     216.9      10.2     0.277     0.874
52     291.2      57.8       0.7     0.337     0.967
53      59.7     283.0       5.0     0.111     0.941
54     307.8     284.8      23.3     0.498     0.987
55     138.2     105.7       7.3     0.183     0.967
56     290.6     275.5      17.1     0.200     0.969
57     203.9      94.1      24.1     0.440     0.733
58     334.4     279.1       4.5     0.283     0.903
59     234.7      69.1       0.9     0.517     0.841
60     104.9     177.6       1.1     0.450     0.876
61     157.5      94.6       8.4     0.417     0.735
62     202.5      96.3      29.9     0.534     0.618
63     239.5      66.2       4.6     0.373     0.907
64     169.4      66.6       4.5     0.060     0.945
65     140.9      77.3       6.0     0.112     0.952
66     339.8     260.9       2.8     0.186     0.960
67     222.2      63.6       1.8     0.258     0.877
68     232.6      61.0       4.6     0.314     0.930
69     144.2      57.7       7.6     0.346     0.815
70      33.3     242.5      21.2     0.164     0.965
71       8.3     233.4      26.9     0.284     0.779
72     155.5      57.3       3.8     0.238     0.845
73     310.2     224.1      19.2     0.182     0.919
74     195.5      39.3       8.7     0.534     0.718
75     200.6      27.7       0.4     0.197     0.862
76     128.5      40.0       5.1     0.331     0.923
77     210.4      40.0       0.5     0.150     0.897
78     331.5     219.5      13.2     0.317     0.796
79      36.4     203.5       4.9     0.219     0.866
80      74.4     130.6       0.4     0.095     0.945
81     176.6      21.7       4.8     0.069     0.939
82      15.6     213.2      12.5     0.643     0.968
83     305.0     198.1       1.2     0.127     0.949
84     208.2      15.5      13.0     0.129     0.941
85      36.4     182.1       5.5     0.198     0.909
86     335.6     183.5      11.3     0.166     0.921
87     184.1     351.1       9.4     0.219     0.838
88     236.7     319.6       6.9     0.496     0.884
89     359.5     169.7      14.1     0.203     0.923
90     236.8     340.7       7.1     0.325     0.969
91     319.8     166.2       5.1     0.388     0.831
92     131.0     324.5      14.2     0.212     0.888
93       6.8     123.1      22.3     0.377     0.843
94     195.6     306.6      12.5     0.675     0.682
95     282.5     212.4      23.4     0.325     0.951
96     250.8     268.2      11.7     0.369     0.996
97     358.5     128.3      11.2     0.540     0.968
98     299.9     167.2      24.7     0.333     0.849
99     318.5     105.1      16.1     0.151     0.972
100     350.0      98.9       9.0     0.269     0.930
101      32.3      93.1      22.6     0.487     0.855
102     340.0      98.3      18.3     0.132     0.993
103      19.2      87.8      11.7     0.156     0.948
104      32.1      87.5      14.1     0.348     0.844
105     328.6     134.3      13.3     0.273     0.865
106     296.7      65.5      13.9     0.255     0.958
107      62.2      46.6      21.5     0.171     0.990
108     295.5      96.7       2.2     0.618     0.778
109     242.1     120.7      17.1     0.443     0.907
110     311.4      95.2      36.2     0.546     0.919
111      43.6      49.8       2.3     0.055     0.982
112     316.3      36.9       0.7     0.145     0.959
113      40.9      43.6      20.7     0.193     0.929
114     353.0      51.6       3.4     0.301     0.800
115     185.7     251.3       2.2     0.196     0.960
116      97.9     295.2      44.0     0.660     0.959
117      82.8     348.2       0.6     0.443     0.923
118      13.7      25.4       7.7     0.481     0.765
119     233.8     198.7       3.6     0.203     0.930
120      25.5      21.5      30.0     0.389     0.913
121     188.0     195.2      35.4     0.245     0.883
122     212.6     176.1      13.7     0.514     0.968
123     335.1     357.2       4.3     0.147     0.895
124     206.3     169.7       9.1     0.318     0.780
125     126.0     161.5       0.1     0.211     0.990
126     202.3     175.4       7.7     0.270     0.818
127     166.1     173.5      12.7     0.097     0.940
128     186.3     168.7       9.7     0.226     0.844
129      42.6       4.0       9.7     0.109     0.956
130     103.7     286.8      24.9     0.213     0.955
131      46.5     324.8      25.6     0.461     0.984
132     278.6     328.6       2.3     0.150     0.987
133     104.3     176.1      19.7     0.657     0.888
134      72.6     278.1       6.0     0.447     0.903
135      28.9     279.9      10.0     0.278     0.820
136      37.1     310.1      11.1     0.248     0.952
137     350.6     303.6       7.6     0.302     0.812
138     242.8     105.3      23.6     0.298     0.962
139     127.8      86.9       0.7     0.110     0.942
140     202.5      86.0      10.0     0.427     0.817
141     193.2      87.6       1.5     0.121     0.936
142     152.9      82.1       8.2     0.534     0.856
143     198.3      45.7       9.2     0.156     0.901
144     347.7     242.6      38.4     0.253     0.825
145      10.5     263.3       9.8     0.192     0.856
146     126.6      61.2      26.8     0.224     0.996
147     211.0      61.4       3.0     0.295     0.818
148     347.1     243.9      19.4     0.231     0.912
149      31.3     238.3      31.7     0.481     0.867
150     220.6      58.7      12.8     0.358     0.848
151     172.3      64.1       4.0     0.607     0.650
152     227.3      55.7       5.8     0.409     0.867
153     315.6     226.5       5.3     0.280     0.971
154      45.2     218.5       3.8     0.188     0.924
155     328.9     212.4      10.0     0.672     0.891
156      30.6     202.1      42.1     0.316     0.819
157     345.7     215.3       6.6     0.365     0.774
158     334.2     193.8       9.2     0.610     0.967
159     201.9      14.0       4.9     0.374     0.789
160     185.4      22.4      24.7     0.347     0.760
161     222.2      29.3      21.2     0.340     0.929
162     146.7      20.6       5.1     0.243     0.885
163     139.0       0.8       9.7     0.368     0.981
164     147.5     338.1      21.3     0.214     0.815
165     172.6       0.5      12.6     0.112     0.945
166     101.3       6.7       6.8     0.094     0.993
167     161.9     350.5       9.4     0.200     0.908
168     196.0     325.7      26.6     0.294     0.944
169      48.4     134.4       7.0     0.340     0.996
170     207.5     274.1      31.5     0.501     0.923
171      23.6      87.6      21.0     0.299     0.913
172     254.0     244.8       9.8     0.151     0.989
173     191.2     240.0      10.7     0.239     0.844
174     239.7     203.5      19.6     0.478     0.888
175     220.1     229.2       1.6     0.265     0.997
176     213.5     213.0       6.6     0.644     0.830
177     316.9      32.5       5.4     0.368     0.908
178      15.8       6.7      31.7     0.113     0.965
179     323.7       0.2      12.3     0.320     0.883
180     315.1      57.8      13.9     0.282     0.837
181     124.6     174.6      26.1     0.466     0.980
182     129.8     175.2      27.7     0.356     0.927
183      34.9     329.7       8.8     0.276     0.873
184     118.2     278.7      18.7     0.091     0.933
185     190.5     127.8       8.1     0.190     0.895
186     334.3     305.0      22.9     0.266     0.898
187     292.4      17.5       5.6     0.265     0.935
188     207.7     130.7      26.2     0.450     0.836
189     121.1     149.3       1.8     0.558     0.936
190     300.0     296.2       6.5     0.279     0.946
191     220.9     117.1      23.2     0.476     0.814
192     131.5     166.2      28.9     0.487     0.813
193     140.1      93.9       3.2     0.433     0.858
194     148.3      58.0      18.5     0.358     0.884
195     146.3      81.4       8.5     0.320     0.780
196       8.3     234.0      13.5     0.205     0.846
197     235.4      37.1       4.2     0.388     0.922
198     301.6     220.2      12.4     0.348     0.989
199       3.2     234.4      26.2     0.326     0.906
200     253.4      22.1       3.2     0.269     0.990
201     183.6      81.2      24.3     0.380     0.695
202     158.1      37.6      21.7     0.681     0.818
203     324.2     212.7      10.6     0.554     0.780
204     295.2     196.6      16.0     0.359     0.990
205     127.5       9.8       1.5     0.397     0.953
206     139.4      10.2      21.1     0.519     0.957
207     144.4     357.9       5.1     0.338     0.896
208     209.1       2.6      23.4     0.407     0.883
209     291.1     189.5       1.9     0.126     0.964
210     135.0       5.1      21.1     0.479     0.928
211       7.4     114.2       8.2     0.449     0.909
212     241.2     303.6      14.1     0.248     0.869
213      75.4      19.0       3.3     0.510     0.943
214     295.8     177.6      21.8     0.199     0.923
215      52.9     104.8       9.9     0.302     0.962
216     108.6     352.7       5.7     0.820     0.783
217     249.0     249.4       5.8     0.276     0.979
218     337.0      86.2       3.1     0.229     0.854
219     201.4     250.9       6.5     0.155     0.892
220     347.5      67.1       5.1     0.412     0.850
221     152.8     246.1      25.4     0.157     0.974
222     316.8      39.2       7.0     0.093     0.984
223     220.7     198.9       6.9     0.202     0.894
224     187.4     196.9      28.8     0.375     0.855
225     324.8      10.0      11.1     0.126     0.923
226     199.0     175.5      19.8     0.760     0.745
227     181.8     101.0      28.3     0.305     0.616
228     145.6     225.7       1.8     0.671     0.957
229     105.8     246.4       5.1     0.627     0.626
230     234.8      93.4       7.4     0.084     0.958
231      20.1     321.3      44.8     0.072     0.945
232      21.4     348.2      15.8     0.259     0.843
233     355.5     327.5      26.8     0.739     0.943
234       0.5     342.6      19.0     0.226     0.821
235      28.6     338.1      41.9     0.196     0.876
236      42.3     341.3       3.2     0.123     0.929
237     166.4     125.7      10.2     0.501     0.955
238     248.1      86.0      20.4     0.587     0.663
239     114.3     150.7      24.5     0.380     0.852
240     188.0     144.7       6.5     0.320     0.853
241      54.1     322.9      10.6     0.253     0.969
242     349.7     321.3      15.9     0.319     0.767
243     124.1     137.3       0.6     0.451     0.912
244       7.2     331.6       7.2     0.348     0.771
245       4.7     344.1      30.0     0.137     0.961
246     155.3     139.9      29.2     0.650     0.829
247     350.4     337.0       3.1     0.341     0.857
248      63.7     274.7       6.2     0.284     0.942
249      34.9     277.3       1.7     0.120     0.953
250      64.7     255.7       7.7     0.271     0.987
251      66.2     236.7       8.5     0.210     0.973
252     204.1      55.5       6.5     0.428     0.794
253      91.2     114.8      43.3     0.729     0.965
254     155.1      43.2       7.2     0.225     0.882
255     161.6      42.1       6.0     0.431     0.773
256      42.8     223.2      16.7     0.386     0.899
257     163.5      39.3       7.1     0.219     0.901
258     318.7     225.6      10.1     0.098     0.966
259     194.6      62.4       9.3     0.359     0.936
260      34.7     220.3       1.2     0.091     0.976
261     179.9      53.8      13.1     0.150     0.972
262      70.7     217.8      30.9     0.187     0.987
263      44.6     211.2       8.8     0.515     0.906
264     236.2      31.4       9.6     0.094     0.968
265      25.2     156.5       0.6     0.399     0.773
266     273.5     337.9       1.0     0.175     0.951
267     146.6      26.0       8.2     0.121     0.907
268     202.7      24.4      12.0     0.573     0.957
269     146.1      15.0       9.9     0.303     0.896
270     145.0      18.2      11.4     0.258     0.875
271       1.3     205.2      14.9     0.311     0.967
272      29.9     183.6      10.6     0.540     0.793
273      58.0     181.2      22.6     0.510     0.954
274     219.0      12.1      13.0     0.595     0.868
275     238.0      11.9       8.2     0.121     0.968
276      12.4     185.8       3.5     0.534     0.690
277     345.7     193.7       6.9     0.248     0.835
278     173.9     339.7       8.6     0.466     0.912
279     189.8     348.1       4.1     0.378     0.756
280     309.3     164.4       2.7     0.198     0.957
281     195.2     355.3       2.4     0.191     0.928
282      47.3     171.9      15.1     0.500     0.946
283     350.8     159.9       2.6     0.237     0.837
284       7.8     141.7       6.7     0.421     0.729
285     169.4     323.2      16.6     0.445     0.881
286     201.5     281.9      33.4     0.359     0.758
287     358.3     109.4      19.2     0.174     0.972
288     346.6      85.6      17.5     0.050     0.984
289     237.3     262.8      25.2     0.395     0.938
290     250.6     227.9      13.4     0.109     0.986
291     133.2     205.8      33.0     0.470     0.892
292     138.1     177.6      48.4     0.266     0.993
293      47.0     328.6      20.8     0.886     0.837
294     237.4      62.3       8.4     0.783     0.550
295      78.9     297.5      18.7     0.418     0.871
296     169.1     166.3       3.1     0.367     0.755
297     226.0     158.4      21.7     0.410     0.820
298      45.8     307.9       5.8     0.196     0.927
299     209.2     159.2       5.4     0.364     0.811
300      61.3     332.6       7.5     0.368     0.988
301     327.0     327.1      13.1     0.312     0.874
302      77.1     329.1       2.6     0.116     0.989
303     200.0     123.0      30.0     0.344     0.866
304      44.5     321.7       2.9     0.387     0.855
305     152.3     142.7       7.1     0.180     0.942
306     261.4     125.2       0.8     0.173     0.980
307     245.1      61.0      18.5     0.335     0.833
308     241.6     120.3      21.1     0.337     0.945
309     133.3     168.4      12.7     0.331     0.787
310     359.2     297.6       9.3     0.344     0.734
311     301.7     297.9       3.5     0.142     0.932
312      55.8     271.0       6.8     0.420     0.858
313     172.5     107.2      11.7     0.467     0.799
314       5.6     283.3      11.9     0.374     0.720
315      95.3     205.3      10.5     0.403     0.919
316     171.0      86.4      12.9     0.123     0.898
317     343.4     296.7       0.5     0.214     0.873
318      29.1     266.8       8.5     0.301     0.839
319      67.5     260.7      17.5     0.308     0.984
320     351.4     260.8      16.8     0.376     0.907
321     318.6     311.0      24.8     0.183     0.785
322       9.7     252.7      21.2     0.447     0.800
323     290.9     328.1      11.6     0.300     0.917
324     149.4      62.0       5.6     0.289     0.828
325     162.0      65.3       4.9     0.180     0.849
326     346.4     258.8      31.0     0.421     0.767
327     115.2      96.6       5.9     0.304     0.818
328     327.0     231.3      14.6     0.377     0.892
329     126.5      47.3       9.8     0.291     0.934
330     222.2      35.2      14.3     0.207     0.890
331     177.3      52.3      19.4     0.502     0.844
332     210.9      30.8      26.2     0.158     0.932
333      68.6      91.9       2.9     0.470     0.851
334     299.8     225.4       5.5     0.580     0.947
335     315.2     195.4      11.6     0.398     0.940
336      38.3     193.8       2.6     0.175     0.985
337     224.3       1.3      32.5     0.329     0.922
338     166.1     358.5       4.6     0.293     0.881
339     305.6     228.1       5.9     0.281     0.949
340     182.9     347.5       4.8     0.346     0.805
341     261.1     271.0      23.9     0.231     0.906
342     110.3      93.5       1.4     0.301     0.951
343     331.6     161.2       2.8     0.046     0.985
344     124.8       4.9       3.4     0.284     0.804
345      29.4     115.2      20.1     0.576     0.848
346     174.5     291.8      27.3     0.605     0.839
347     354.1      42.5       9.4     0.525     0.616
348      17.7      41.0       6.0     0.582     0.672
349      22.6      34.8      16.4     0.261     0.849
350     316.4      36.0      33.0     0.319     0.846
351     242.8     183.8      10.1     0.179     0.959
352     154.7     280.8       1.6     0.199     0.955
353       3.2      15.2      14.6     0.343     0.923
354      17.7     336.2       1.8     0.498     0.695
355     187.5     162.3      26.5     0.337     0.864
356      29.6     303.3      10.2     0.755     0.676
357     201.4     140.8      12.9     0.707     0.793
358     153.2     146.8      24.4     0.422     0.820
359      25.6     305.9       8.3     0.366     0.913
360     139.7     123.3       4.1     0.649     0.982
361     191.8     127.8      14.1     0.512     0.923
362     189.9     100.7       7.7     0.322     0.772
363     328.4     281.8      15.6     0.297     0.821
364     340.0     282.7      22.2     0.333     0.744
365     223.0      70.9       3.6     0.273     0.818
366      20.0     274.3      12.8     0.372     0.760
367     327.9     288.7      19.6     0.551     0.711
368       9.2     282.3      16.9     0.414     0.784
369     149.9      84.9      17.2     0.266     0.841
370     238.5      75.7      32.6     0.320     0.968
371     176.1      69.4      23.1     0.576     0.672
372     115.1      49.3       2.1     0.233     0.945
373     226.2      40.1       0.2     0.226     0.892
374     358.5     223.7      24.5     0.427     0.741
375     313.9     216.1       5.4     0.116     0.958
376     127.6      59.0      14.3     0.570     0.937
377     139.7      32.6       5.7     0.170     0.893
378      18.2     196.3       0.7     0.225     0.838
379     199.6     346.0       2.4     0.134     0.924
380     304.8     195.2       4.8     0.368     0.949
381     185.8      14.9      25.6     0.233     0.827
382     230.4     273.5      23.3     0.372     0.681
383     152.1       8.5       5.2     0.417     0.841
384     228.1     354.9      27.8     0.624     0.866
385     320.4     165.9      36.0     0.394     0.877
386      54.4     155.1      33.9     0.303     0.999
387     119.8     334.9       4.0     0.176     0.976
388     204.8     309.8      12.5     0.320     0.976
389       1.7     120.9      26.5     0.422     0.869
390       0.7     114.5       6.1     0.483     0.779
391     194.7     289.8      10.6     0.496     0.789
392     250.1     176.7       6.3     0.411     0.864
393     190.5     263.6      27.8     0.296     0.853
394     349.7      98.0      29.7     0.382     0.804
395      42.8      88.7      41.4     0.793     0.985
396     181.2     226.4       2.9     0.215     0.840
397       6.1      59.6       7.9     0.336     0.855
398     230.7     203.1      18.7     0.136     0.952
399     243.7     161.0       9.2     0.395     0.791
400     112.7     229.9       5.6     0.246     0.959
401     334.6      22.7      27.9     0.383     0.779
402     120.9     177.4       3.7     0.330     0.933
403     310.8       0.2      12.8     0.271     0.918
404     351.2     352.9      20.8     0.386     0.763
405     328.0     344.4      16.2     0.768     0.891
406     248.5     146.7       9.6     0.068     0.989
407     174.1     113.4      10.7     0.356     0.949
408      38.8     296.9      13.0     0.300     0.847
409     168.7     116.0      31.2     0.421     0.884
410     155.8     117.6       5.9     0.570     0.872
411      31.2     269.9      28.2     0.537     0.809
412       7.8     265.5      12.1     0.241     0.843
413      47.3     263.4       6.1     0.313     0.868
414     115.7     120.9      10.7     0.267     0.932
415     157.5      85.6      21.5     0.410     0.760
416     302.9     307.1       3.1     0.434     0.748
417      16.0     253.3      12.2     0.170     0.887
418       1.0     285.1       1.2     0.298     0.837
419     179.4      54.8      10.3     0.171     0.857
420     332.4     233.5       1.3     0.165     0.944
421     297.1     225.8      16.3     0.244     0.941
422     294.4     211.8       4.5     0.221     0.965
423     120.7      29.8       3.7     0.397     0.954
424      56.5     203.1      14.1     0.259     0.946
425     138.7      12.6      36.5     0.162     0.976
426     136.7      48.5       2.6     0.443     0.751
427     200.5      14.5      13.5     0.250     0.908
428     322.7     202.1       4.8     0.429     0.767
429     233.5     302.1      18.7     0.238     0.866
430     359.5     180.3      18.4     0.416     0.738
431      94.4      46.6      21.3     0.465     0.875
432     227.0     356.8      22.1     0.187     0.955
433     280.9     199.4       5.3     0.329     0.961
434     333.9     173.8       6.0     0.351     0.920
435      28.7     175.1       0.6     0.122     0.951
436     109.2      75.4       6.3     0.338     0.943
437       9.1     151.9      56.1     0.175     0.951
438     232.2     327.2      14.3     0.417     0.950
439     231.4     263.9      29.3     0.563     0.951
440     309.4      82.6      25.5     0.352     0.915
441     340.7      79.2      22.1     0.499     0.712
442     350.1      78.1      35.1     0.170     0.961
443     213.4     243.3       1.9     0.407     0.830
444     349.1     101.9      10.5     0.266     0.902
445     353.0      37.1      18.9     0.531     0.635
446     112.1     214.7      11.1     0.223     0.980
447     278.6     115.7      14.5     0.489     0.697
448     139.7     191.2       4.2     0.391     0.827
449     210.3     195.5      33.4     0.349     0.913
450     142.1     183.4       3.5     0.492     0.878
451     196.4     169.9       6.8     0.250     0.886
452      34.2     293.3       0.0     0.289     0.818
453     343.4     357.4       7.9     0.171     0.900
454     337.6     356.1       7.6     0.270     0.814
455      50.0     336.6       5.1     0.329     0.884
456     216.1     157.3      23.0     0.400     0.944
457      45.8     300.9      17.7     0.385     0.961
458      28.2     299.0       3.6     0.222     0.884
459     127.9      86.5       2.7     0.355     0.969
460      87.2     264.4       4.3     0.014     0.989
461     134.6      99.0       6.5     0.313     0.931
462     223.1      89.7       5.8     0.267     0.880
463     138.1      86.4      29.2     0.450     0.898
464     165.6      89.8      19.5     0.199     0.931
465     149.0      55.5       0.4     0.178     0.894
466     140.7      57.6      28.6     0.545     0.909
467     287.3     212.8      16.8     0.149     0.980
468      59.3     188.8       3.8     0.337     0.781
469     200.7      22.9      15.7     0.583     0.703
470     321.9     220.1      12.1     0.382     0.777
471     355.2     200.7      25.5     0.316     0.908
472      47.8     176.5       3.7     0.304     0.884
473     316.5     178.4       4.7     0.183     0.889
474     210.5     215.7       0.6     0.211     0.857
475     238.3     247.3      10.8     0.150     0.961
476     154.6     250.0      23.9     0.330     0.949
477     204.0     215.5      23.5     0.511     0.727
478     352.2      38.8       4.9     0.262     0.815
479      19.2      30.5      26.3     0.270     0.813
480     306.7      70.4      18.1     0.381     0.850
481     168.7     199.6      17.0     0.182     0.873
482     181.9     196.3      12.0     0.218     0.893
483      29.6     359.3       6.6     0.582     0.730
484     339.3      21.6      13.0     0.394     0.858
485     196.5     177.6      23.4     0.486     0.707
486     167.9     178.0      13.2     0.250     0.935
487      23.9     346.0      15.3     0.052     0.958
488     173.0     139.9       7.5     0.120     0.920
489      44.0     286.8      23.2     0.426     0.875
490      23.7     301.7       7.4     0.384     0.876
491     178.6      81.7      34.1     0.242     0.810
492     119.2     159.5       2.1     0.217     0.911
493     317.6     265.9      21.5     0.359     0.955
494     351.2     245.9      25.5     0.237     0.906
495      78.4     216.6       2.3     0.201     0.984
496     355.5     231.6       9.0     0.410     0.724
497     348.8     222.3       9.7     0.437     0.837
498     358.6     209.3      30.7     0.487     0.799
499     223.1      13.0       8.5     0.121     0.930
500     169.4     350.9      20.8     0.600     0.905
501      71.7      92.0       1.3     0.287     0.825
502     156.1     349.9      13.5     0.310     0.967
503     318.4     174.3       6.9     0.243     0.936
504     162.7     259.5       6.2     0.314     0.845
505     282.1     166.7       0.8     0.496     0.720
506     134.1     248.1       2.9     0.379     0.955
507     253.9     202.9       3.7     0.298     0.924
508     175.2     218.5      11.8     0.266     0.899
509     338.1      68.6       4.3     0.305     0.770
510     206.3     189.5      10.7     0.378     0.767
511     226.7     188.6       9.5     0.463     0.988
512      31.5       8.0      28.1     0.300     0.967
513     223.1     164.1       6.6     0.342     0.823
514      58.9     346.0       1.6     0.363     0.921
515     218.0     137.6      12.6     0.403     0.820
516     210.4     137.6       3.1     0.225     0.866
517     147.2     115.8      27.7     0.546     0.875
518     101.9     106.4      10.7     0.013     0.993
519     306.0     295.1      13.1     0.162     0.917
520     149.5     103.1      13.3     0.388     0.841
521     323.9     287.9      29.9     0.438     0.779
522      25.3     294.7      33.0     0.542     0.880
523     318.7     305.6       4.8     0.540     0.677
524     219.7      93.0      31.0     0.387     0.872
525     358.4     239.7      18.2     0.373     0.751
526     133.3      25.5       7.7     0.287     0.884
527     241.3      13.2       9.0     0.166     0.954
528     262.4     327.3       4.0     0.492     0.948
529     214.0      11.3      17.6     0.393     0.907
530       4.5     154.0       7.5     0.342     0.914
531     330.3     170.8      13.9     0.241     0.959
532     142.9     295.9      12.1     0.323     0.934
533      28.2      32.6      23.7     0.499     0.875
534     200.8     189.2       7.3     0.159     0.889
535     233.6     183.1       5.2     0.028     0.983
536     306.6     357.8      11.6     0.057     0.989
537     342.6      31.9       1.3     0.176     0.940
538     353.5     331.0      10.6     0.407     0.715
539     234.1     109.5       8.1     0.382     0.725
540     195.6     122.6       2.0     0.172     0.854
541     242.8     115.6       5.8     0.138     0.941
542     189.4      97.4       3.5     0.225     0.857
543     222.1      55.8       7.7     0.289     0.854
544     230.0      50.8      17.4     0.263     0.879
545     228.8      33.9      11.7     0.439     0.904
546     293.7     237.2       0.8     0.249     0.883
547     275.2     192.1       0.1     0.067     0.977
548     131.4      14.8       0.9     0.168     0.930
549     211.8     312.8      16.1     0.318     0.951
550     354.4     177.9      19.6     0.551     0.826
551     166.2     304.6      10.0     0.221     0.985
552       8.2      72.5       2.8     0.111     0.917
553       6.2      30.1       6.2     0.535     0.741
554      17.9      55.2       2.7     0.430     0.816
555     313.1     358.5      41.1     0.450     0.937
556      23.9     345.4       3.9     0.470     0.816
557     310.1       3.9      13.8     0.567     0.835
558     139.6     162.9      11.6     0.496     0.896
559     109.1     214.2       3.3     0.423     0.863
560     187.9     101.7       4.7     0.286     0.853
561     151.7      55.3       1.7     0.140     0.900
562     354.7     232.4      10.8     0.112     0.929
563       9.8      80.8       2.0     0.665     0.674
564     223.6     240.0      11.9     0.333     0.907
565       7.7     313.3       2.6     0.111     0.912
566     226.5      85.9       7.2     0.210     0.982
567     152.9      74.5       7.0     0.367     0.741
568     320.9     236.3      23.7     0.444     0.851
569      47.6     166.8      23.4     0.504     0.903
570     322.4     197.6      21.1     0.530     0.819
571       6.4     166.9       2.9     0.505     0.702
572     359.5     177.3      53.3     0.642     0.817
573     359.8     176.2      30.3     0.699     0.731
574     260.8     183.9       7.8     0.313     0.963
575     309.4      53.5       3.4     0.440     0.878
576     180.4     151.1       2.0     0.416     0.692
577     180.9      42.4      25.5     0.475     0.830
578     141.6     117.0      31.7     0.368     0.913
579      56.0     251.5       5.5     0.492     0.976
580     150.6     139.8       3.9     0.282     0.897
581     322.4     342.8       4.0     0.869     0.907
582     356.5     252.7      28.2     0.526     0.671
583     205.9      62.8       6.8     0.397     0.757
584     179.4     196.9       3.7     0.504     0.683
585     353.9     329.1      12.4     0.093     0.936
586     332.3     343.6      16.2     0.212     0.982
587     211.4     247.1      10.1     0.174     0.981
588     156.6     272.7      24.9     0.340     0.753
589     202.4     161.1      28.6     0.505     0.880
590     253.7       2.7       2.1     0.551     0.876
591      65.2     119.1      15.9     0.657     0.904
592     212.4      30.3      25.4     0.778     0.797
593     224.3     350.6      10.4     0.467     0.811
594     130.8     122.7      23.8     0.797     0.640
595     207.5     235.2      14.7     0.562     0.953
596     208.8      27.4      31.3     0.526     0.911
597     310.6     142.2       7.2     0.248     0.986
598     212.5     232.7       9.5     0.263     0.985
599     159.3     203.0      29.0     0.599     0.789
600       8.0     277.4       8.6     0.360     0.747
601     160.0      99.9      27.6     0.333     0.983
602      77.7     155.4      19.4     0.210     0.895
603     136.0      57.8      15.2     0.546     0.875
604     108.7      48.1       9.5     0.365     0.893
605     355.3     164.3      12.8     0.699     0.817
606     311.6     124.7      18.2     0.492     0.793
607     340.0      22.1      20.7     0.604     0.944
608     125.5     178.2       5.4     0.321     0.937
609      30.6     297.8      17.5     0.369     0.823
610     211.1     205.2       5.2     0.412     0.914
611     346.9     109.1      36.3     0.274     0.914
612     226.3      40.8       2.6     0.121     0.989
613     300.4     327.2       6.5     0.236     0.934
614     205.2      99.5      17.2     0.374     0.856
615      56.3     193.4       3.4     0.563     0.637
616     297.6     288.1      21.6     0.152     0.959
617     306.9      69.4      40.9     0.391     0.819
618     347.0     329.8      30.0     0.135     0.960
619     205.5      23.5      34.8     0.283     0.981
620       5.1     211.5       2.9     0.455     0.618
621      55.8     343.3       4.7     0.279     0.989
622     326.3     274.1       8.5     0.210     0.828
623     252.9     103.9      25.6     0.322     0.741
624     222.2     259.6       5.4     0.434     0.876
625     148.3     203.6      20.3     0.602     0.762
626     208.5      69.7      27.2     0.546     0.797
627     187.4      29.8      32.2     0.422     0.870
628       7.6     124.4      51.2     0.374     0.873
629      46.2     331.2      22.3     0.124     0.947
630     247.5      70.5       6.9     0.359     0.741
631     200.1     110.8       2.7     0.411     0.878
632     170.7      46.4      21.8     0.318     0.876
633      35.8     184.0      26.8     0.345     0.932
634     356.8     344.4      16.2     0.358     0.897
635     349.7     175.3      23.8     0.284     0.993
636     193.5      62.0       7.2     0.665     0.891
637     244.3     317.7      50.2     0.214     0.892
638     213.6      69.3       7.8     0.781     0.911
639     278.0      52.9      28.6     0.456     0.930
640     353.1     280.1      13.4     0.739     0.878
641      16.6      96.6      16.7     0.208     0.865
642     336.4     315.4       7.3     0.272     0.908
643      43.9     208.9      36.3     0.656     0.968
644       8.3      40.8      22.6     0.529     0.992
645      25.3     262.9      30.1     0.566     0.922
646      94.1     234.3      16.6     0.369     0.858
647     272.7      81.4       2.5     0.428     0.979
648     331.7       8.7       6.9     0.177     0.980
649     199.0      12.9      19.0     0.482     0.962
650      17.0     358.1      32.1     0.477     0.758
651     197.8     155.8      26.5     0.533     0.662
652     324.3     333.8      25.7     0.895     0.876
653     292.8     349.6      16.7     0.558     0.829
654     253.4     155.9      25.7     0.462     0.819
655     203.8     260.0      12.8     0.346     0.938
656     281.6     237.4      32.5     0.817     0.914
657     126.4     204.4       3.3     0.191     0.922
658       2.8     225.6      28.8     0.595     0.728
659     202.7      75.8      13.6     0.351     0.908
660     195.0     114.3      17.8     0.595     0.954
661      47.7     162.1      19.2     0.643     0.859
662     188.1     294.3      34.7     0.463     0.847
663     172.4     208.4      14.3     0.595     0.859
664     215.6     124.9      18.1     0.415     0.968
665     309.2     130.3      17.1     0.633     0.883
666     172.3     180.5      12.6     0.703     0.739
667     234.3      18.4      33.2     0.345     0.998
668     243.8     245.9      17.1     0.380     0.963
669     341.3      79.9       9.1     0.573     0.855
670     192.6     244.9      38.9     0.688     0.642
671      84.6     102.2       5.4     0.484     0.787
672     151.1     351.9      22.7     0.720     0.991
673      15.0     178.3       1.3     0.265     0.915
674     167.3      82.0       7.3     0.418     0.718
675      82.5     311.9       4.8     0.405     0.927
676      34.4     216.3      14.2     0.280     0.986
677      37.4      58.6      49.0     0.296     0.947
678      43.8     126.3      19.8     0.515     0.998
679     359.4     358.6      23.4     0.280     0.974
680      55.0     152.5       9.9     0.469     0.989
681      40.0     211.5       5.9     0.450     0.844
682     356.0     170.8      15.8     0.436     0.832
683     148.0     108.6      18.9     0.183     0.967
