t,x,y,z
==========================
0,-9.2762,1.436,0.34419
20,-9.2986,1.325,0.34769
40,-9.3198,1.2137,0.34956
60,-9.3396,1.1021,0.35306
80,-9.3589,0.99192,0.35497
100,-9.376,0.87969,0.35848
120,-9.3917,0.76884,0.36035
140,-9.406,0.65773,0.36387
160,-9.4191,0.5464,0.36575
180,-9.4309,0.4332,0.36763
200,-9.4412,0.32145,0.37116
220,-9.4503,0.20951,0.37305
240,-9.4591,0.099059,0.37497
260,-9.4655,-0.013216,0.37686
280,-9.4706,-0.12563,0.37876
300,-9.4743,-0.23817,0.3823
320,-9.4768,-0.34915,0.3842
340,-9.478,-0.46023,0.3861
360,-9.4788,-0.5731,0.38804
380,-9.4773,-0.68433,0.38995
400,-9.4746,-0.7956,0.39185
420,-9.4705,-0.9069,0.39376
440,-9.4652,-1.0182,0.39401
460,-9.4586,-1.1295,0.39592
480,-9.4516,-1.241,0.39787
500,-9.4423,-1.3522,0.39979
520,-9.4319,-1.4618,0.4017
540,-9.4201,-1.573,0.40196
560,-9.4069,-1.6841,0.40388
580,-9.3927,-1.7935,0.4058
600,-9.3773,-1.9027,0.40605
620,-9.3602,-2.0135,0.40798
640,-9.3422,-2.1225,0.40823
660,-9.3229,-2.2314,0.41016
680,-9.3024,-2.3401,0.41042
700,-9.2806,-2.4486,0.41235
720,-9.258,-2.5553,0.41261
740,-9.2336,-2.6634,0.41454
760,-9.2081,-2.7713,0.4148
780,-9.1818,-2.8774,0.41506
800,-9.1536,-2.9848,0.417
820,-9.1249,-3.0904,0.41726
840,-9.0943,-3.1973,0.41752
860,-9.0631,-3.3023,0.41778
880,-9.0306,-3.407,0.41804
900,-8.9969,-3.5114,0.41998
920,-8.9611,-3.6151,0.4202
940,-8.9251,-3.7188,0.42046
960,-8.8878,-3.8222,0.42072
980,-8.8494,-3.9252,0.42098
1000,-8.8088,-4.0274,0.4212
1020,-8.7687,-4.1281,0.42146
1040,-8.7267,-4.2299,0.42172
1060,-8.6835,-4.3294,0.42024
1080,-8.6391,-4.4304,0.4205
1100,-8.5935,-4.5289,0.42072
1120,-8.5477,-4.6275,0.42098
1140,-8.499,-4.7266,0.4212
1160,-8.4509,-4.8242,0.41976
1180,-8.4008,-4.9209,0.41997
1200,-8.3505,-5.0175,0.42023
1220,-8.2982,-5.1131,0.41875
1240,-8.2457,-5.2067,0.41896
1260,-8.1921,-5.3018,0.41752
1280,-8.1366,-5.3957,0.41773
1300,-8.08,-5.4891,0.41624
1320,-8.0233,-5.5805,0.41645
1340,-7.9654,-5.6732,0.415
1360,-7.9065,-5.7634,0.41521
1380,-7.8467,-5.853,0.41371
1400,-7.7849,-5.9434,0.41393
1420,-7.723,-6.0317,0.41243
1440,-7.6602,-6.1194,0.41093
1460,-7.5964,-6.2065,0.40942
1480,-7.5315,-6.2929,0.40963
1500,-7.465,-6.3779,0.40808
1520,-7.3982,-6.463,0.40658
1540,-7.3305,-6.5473,0.40507
1560,-7.2618,-6.6309,0.40356
1580,-7.1913,-6.7131,0.40372
1600,-7.1219,-6.794,0.40221
1620,-7.0504,-6.8754,0.4007
1640,-6.9785,-6.9542,0.39914
1660,-6.9052,-7.0341,0.39762
1680,-6.8315,-7.1114,0.39606
1700,-6.7556,-7.189,0.3945
1720,-6.6809,-7.2654,0.39298
1740,-6.6046,-7.3404,0.38969
1760,-6.5262,-7.4156,0.38812
1780,-6.4489,-7.4896,0.38659
1800,-6.3701,-7.5621,0.38502
1820,-6.2905,-7.6337,0.38345
1840,-6.2101,-7.7045,0.38015
1860,-6.1289,-7.7745,0.37858
1880,-6.0469,-7.8435,0.377
1900,-5.9641,-7.9118,0.37543
1920,-5.882,-7.9781,0.37212
1940,-5.7971,-8.0438,0.3705
1960,-5.7121,-8.1094,0.36892
1980,-5.6263,-8.1741,0.3656
2000,-5.5407,-8.2361,0.36398
2020,-5.4535,-8.299,0.36066
2040,-5.367,-8.36,0.35907
2060,-5.2779,-8.4202,0.35571
2080,-5.1896,-8.4786,0.35409
2100,-5.0996,-8.5378,0.35076
2120,-5.01,-8.5942,0.34913
2140,-4.9197,-8.6498,0.34576
2160,-4.8293,-8.7052,0.34416
2180,-4.7363,-8.7597,0.34079
2200,-4.6443,-8.8124,0.33741
2220,-4.5516,-8.864,0.33577
2240,-4.4584,-8.9148,0.3324
2260,-4.3646,-8.9645,0.32902
2280,-4.2702,-9.0133,0.32563
2300,-4.1749,-9.0601,0.32396
2320,-4.0794,-9.1069,0.32057
2340,-3.9835,-9.1527,0.31718
2360,-3.8866,-9.1965,0.31376
2380,-3.7897,-9.2402,0.31211
2400,-3.6919,-9.282,0.30869
2420,-3.594,-9.3236,0.30529
2440,-3.4969,-9.3627,0.30187
2460,-3.398,-9.4024,0.29847
2480,-3.2984,-9.44,0.29504
2500,-3.2001,-9.476,0.2916
2520,-3.0997,-9.5115,0.28817
2540,-2.9989,-9.546,0.28473
2560,-2.8993,-9.5789,0.2813
2580,-2.7978,-9.6112,0.27786
2600,-2.6975,-9.642,0.27442
2620,-2.5953,-9.6722,0.27098
2640,-2.4927,-9.7013,0.26754
2660,-2.3912,-9.7279,0.26407
2680,-2.2897,-9.7545,0.26062
2700,-2.1862,-9.7803,0.25718
2720,-2.0839,-9.8038,0.2537
2740,-1.9798,-9.8274,0.25025
2760,-1.877,-9.8487,0.24503
2780,-1.7739,-9.8689,0.24155
2800,-1.6691,-9.8893,0.2381
2820,-1.5656,-9.9073,0.23462
2840,-1.4619,-9.9242,0.23115
2860,-1.3564,-9.9403,0.22592
2880,-1.2523,-9.9551,0.22244
2900,-1.1481,-9.9687,0.21896
2920,-1.042,-9.9814,0.21547
2940,-0.93757,-9.9929,0.21024
2960,-0.83288,-10.002,0.20674
2980,-0.72817,-10.011,0.20325
3000,-0.62161,-10.02,0.19802
3020,-0.51666,-10.026,0.19451
3040,-0.41169,-10.032,0.19103
3060,-0.30662,-10.036,0.18577
3080,-0.20153,-10.039,0.18228
3100,-0.094637,-10.041,0.17878
3120,0.010515,-10.041,0.17352
3140,0.11567,-10.041,0.17002
3160,0.22081,-10.039,0.16476
3180,0.32593,-10.036,0.16125
3200,0.43101,-10.033,0.15775
3220,0.5378,-10.027,0.15249
3240,0.64278,-10.021,0.14899
3260,0.74769,-10.014,0.14373
3280,0.85252,-10.006,0.14022
3300,0.95716,-9.9954,0.13495
3320,1.0635,-9.9847,0.13145
3340,1.1679,-9.972,0.12618
3360,1.2723,-9.9593,0.12267
3380,1.3764,-9.9445,0.1174
3400,1.4804,-9.9296,0.1139
3420,1.5859,-9.9123,0.10863
3440,1.6895,-9.8942,0.10512
3460,1.7928,-9.8751,0.09985
3480,1.896,-9.8548,0.096337
3500,2.0006,-9.8331,0.091074
3520,2.1032,-9.8107,0.085811
3540,2.2056,-9.7872,0.0823
3560,2.3078,-9.7626,0.077039
3580,2.4114,-9.7366,0.07353
3600,2.5127,-9.7089,0.068265
3620,2.614,-9.6811,0.064758
3640,2.7166,-9.6518,0.059501
3660,2.817,-9.6209,0.05424
3680,2.9187,-9.5885,0.050731
3700,3.0186,-9.5565,0.045478
3720,3.1179,-9.5225,0.041972
3740,3.2185,-9.4868,0.036718
3760,3.3173,-9.4517,0.031469
3780,3.4171,-9.414,0.027967
3800,3.5148,-9.3758,0.022719
3820,3.6137,-9.336,0.017472
3840,3.7122,-9.2952,0.013975
3860,3.8085,-9.2539,0.0087328
3880,3.9057,-9.2101,0.0052381
3900,4.0011,-9.1669,-0
3920,4.0976,-9.1219,-0.005236
3940,4.1937,-9.076,-0.0087249
3960,4.2888,-9.0281,-0.013956
3980,4.3822,-8.9809,-0.019185
4000,4.4762,-8.931,-0.022667
4020,4.5697,-8.8802,-0.027889
4040,4.663,-8.8292,-0.033111
4060,4.7553,-8.7764,-0.036586
4080,4.847,-8.7227,-0.0418
4100,4.9381,-8.668,-0.045269
4120,5.0291,-8.6132,-0.050483
4140,5.1189,-8.5565,-0.055688
4160,5.2082,-8.499,-0.059151
4180,5.2967,-8.4405,-0.064351
4200,5.3841,-8.3802,-0.06954
4220,5.4714,-8.3199,-0.072995
4240,5.5579,-8.2586,-0.078186
4260,5.6453,-8.1955,-0.081636
4280,5.7299,-8.1316,-0.086812
4300,5.8143,-8.0677,-0.091992
4320,5.8989,-8.0011,-0.095425
4340,5.9819,-7.9354,-0.1006
4360,6.065,-7.867,-0.10403
4380,6.1465,-7.7996,-0.10919
4400,6.228,-7.7295,-0.11435
4420,6.3073,-7.6596,-0.11777
4440,6.3879,-7.5886,-0.12292
4460,6.467,-7.5159,-0.12634
4480,6.544,-7.4436,-0.13147
4500,6.6214,-7.3693,-0.13488
4520,6.698,-7.2943,-0.14001
4540,6.7738,-7.2184,-0.14341
4560,6.8487,-7.1417,-0.14853
4580,6.9227,-7.0643,-0.15365
4600,6.9952,-6.9854,-0.15702
4620,7.0674,-6.9064,-0.16213
4640,7.1388,-6.8268,-0.16552
4660,7.2105,-6.7451,-0.17062
4680,7.2793,-6.6632,-0.17398
4700,7.3479,-6.5814,-0.17735
4720,7.416,-6.4968,-0.18242
4740,7.4828,-6.4135,-0.18579
4760,7.549,-6.3276,-0.19085
4780,7.6139,-6.243,-0.19421
4800,7.6781,-6.1557,-0.19927
4820,7.7402,-6.0691,-0.2026
4840,7.8033,-5.9812,-0.20595
4860,7.8645,-5.8919,-0.21099
4880,7.9247,-5.8021,-0.21431
4900,7.9838,-5.7117,-0.21934
4920,8.042,-5.6206,-0.22265
4940,8.0991,-5.529,-0.22596
4960,8.1552,-5.4368,-0.23098
4980,8.2102,-5.344,-0.23428
5000,8.2651,-5.2492,-0.23758
5020,8.318,-5.1554,-0.24087
5040,8.3698,-5.0609,-0.24587
5060,8.4214,-4.9645,-0.24916
5080,8.4702,-4.8686,-0.25242
5100,8.5196,-4.7712,-0.2557
5120,8.5679,-4.6733,-0.26068
5140,8.6142,-4.5764,-0.26395
5160,8.6594,-4.4771,-0.26719
5180,8.7043,-4.3778,-0.27045
5200,8.7472,-4.2777,-0.27368
5220,8.7899,-4.1775,-0.27694
5240,8.8304,-4.0765,-0.28017
5260,8.8708,-3.9755,-0.28341
5280,8.9097,-3.8722,-0.28663
5300,8.9477,-3.7705,-0.28987
5320,8.9836,-3.668,-0.29308
5340,9.0199,-3.564,-0.29632
5360,9.0535,-3.4608,-0.29952
5380,9.0864,-3.3558,-0.30271
5400,9.1181,-3.2504,-0.3059
5420,9.1496,-3.1451,-0.30912
5440,9.1789,-3.0392,-0.31231
5460,9.2065,-2.9346,-0.31548
5480,9.2333,-2.8282,-0.31866
5500,9.2594,-2.7199,-0.32183
5520,9.2848,-2.6133,-0.32503
5540,9.308,-2.5063,-0.32651
5560,9.3299,-2.399,-0.32967
5580,9.351,-2.2899,-0.33283
5600,9.3704,-2.1823,-0.3343
5620,9.389,-2.0729,-0.33745
5640,9.4062,-1.9634,-0.34059
5660,9.422,-1.8553,-0.34205
5680,9.4367,-1.7456,-0.34519
5700,9.4502,-1.6357,-0.34832
5720,9.4624,-1.5258,-0.34978
5740,9.4733,-1.4158,-0.3529
5760,9.4832,-1.3041,-0.35435
5780,9.4915,-1.194,-0.35747
5800,9.4986,-1.0839,-0.35891
5820,9.5046,-0.97214,-0.36202
5840,9.5081,-0.86196,-0.36342
5860,9.5115,-0.75024,-0.36486
5880,9.5134,-0.64022,-0.36796
5900,9.5142,-0.52859,-0.36939
5920,9.5136,-0.41704,-0.37082
5940,9.5118,-0.30557,-0.37391
5960,9.5086,-0.1942,-0.37533
5980,9.5032,-0.082933,-0.37672
6000,9.4974,0.02818,-0.37814
6020,9.4904,0.1408,-0.37956
6040,9.4819,0.25161,-0.38263
6060,9.4722,0.36389,-0.38404
6080,9.4613,0.47432,-0.38545
6100,9.4479,0.58614,-0.38682
6120,9.4343,0.69778,-0.38822
6140,9.4193,0.80917,-0.38963
6160,9.4031,0.91867,-0.39103
6180,9.3854,1.0312,-0.39078
6200,9.3665,1.1418,-0.39218
6220,9.3463,1.252,-0.39358
6240,9.3238,1.3619,-0.39493
6260,9.3007,1.4731,-0.39632
6280,9.2767,1.5824,-0.39607
6300,9.251,1.6929,-0.39746
6320,9.2243,1.8014,-0.39885
6340,9.1961,1.9111,-0.39859
6360,9.1665,2.0204,-0.39997
6380,9.1356,2.1293,-0.40136
6400,9.1034,2.2377,-0.4011
6420,9.07,2.3456,-0.40248
6440,9.0353,2.4531,-0.40222
6460,8.9992,2.5601,-0.4036
6480,8.9615,2.6681,-0.40334
6500,8.923,2.7741,-0.40308
6520,8.8827,2.881,-0.40445
6540,8.8417,2.9859,-0.40419
6560,8.7989,3.0917,-0.40393
6580,8.7548,3.1969,-0.40367
6600,8.7095,3.3015,-0.40341
6620,8.6638,3.4058,-0.40482
6640,8.616,3.5091,-0.40456
6660,8.567,3.6118,-0.4043
6680,8.5167,3.7138,-0.40404
6700,8.4646,3.8166,-0.40378
6720,8.4128,3.9176,-0.40356
6740,8.3589,4.0175,-0.4033
6760,8.3041,4.1186,-0.40147
6780,8.2471,4.2184,-0.40121
6800,8.1889,4.3175,-0.40095
6820,8.1311,4.4148,-0.40073
6840,8.0705,4.5123,-0.40047
6860,8.0097,4.6095,-0.39864
6880,7.9468,4.7054,-0.39838
6900,7.8828,4.8023,-0.39817
6920,7.8185,4.897,-0.39634
6940,7.7522,4.9902,-0.39608
6960,7.6848,5.0845,-0.39426
6980,7.6171,5.1765,-0.39405
7000,7.5474,5.269,-0.39223
7020,7.4767,5.3587,-0.39037
7040,7.4047,5.4493,-0.39015
7060,7.3317,5.5389,-0.38834
7080,7.2577,5.6276,-0.38652
7100,7.1825,5.7153,-0.38471
7120,7.1063,5.8019,-0.3845
7140,7.029,5.8876,-0.38269
7160,6.9515,5.9729,-0.38093
7180,6.8711,6.0577,-0.37912
7200,6.7908,6.1403,-0.37732
7220,6.7095,6.2218,-0.37551
7240,6.6268,6.304,-0.37375
7260,6.5425,6.3845,-0.37195
7280,6.4589,6.4634,-0.37019
7300,6.3727,6.5417,-0.3668
7320,6.2861,6.6195,-0.36505
7340,6.1979,6.6955,-0.36326
7360,6.1106,6.7699,-0.36151
7380,6.0213,6.8443,-0.35817
7400,5.9299,6.9185,-0.35642
7420,5.8381,6.9897,-0.35464
7440,5.7461,7.0605,-0.3513
7460,5.6532,7.1301,-0.34956
7480,5.5596,7.1984,-0.34623
7500,5.4638,7.2665,-0.34449
7520,5.3691,7.3332,-0.34121
7540,5.2716,7.3988,-0.33788
7560,5.1747,7.4621,-0.33615
7580,5.0757,7.5251,-0.33283
7600,4.9765,7.5876,-0.32956
7620,4.8774,7.6471,-0.32783
7640,4.7767,7.707,-0.32456
7660,4.6747,7.7647,-0.32125
7680,4.5726,7.8219,-0.31798
7700,4.4698,7.8778,-0.31471
7720,4.3663,7.9324,-0.31145
7740,4.2621,7.9855,-0.30819
7760,4.1573,8.0374,-0.30493
7780,4.0518,8.0878,-0.30167
7800,3.9458,8.1368,-0.29841
7820,3.8377,8.1852,-0.29516
7840,3.7305,8.2314,-0.2919
7860,3.6227,8.2763,-0.28865
7880,3.5148,8.3206,-0.28544
7900,3.4045,8.3633,-0.28061
7920,3.2955,8.4048,-0.2774
7940,3.1842,8.4445,-0.27416
7960,3.0742,8.4831,-0.26937
7980,2.9623,8.5208,-0.26616
8000,2.8496,8.5561,-0.26293
8020,2.7383,8.5904,-0.25815
8040,2.625,8.6237,-0.25494
8060,2.5129,8.6551,-0.25017
8080,2.3989,8.6854,-0.24697
8100,2.2848,8.7152,-0.24222
8120,2.17,8.7425,-0.23902
8140,2.055,8.7684,-0.23426
8160,1.9414,8.7933,-0.23109
8180,1.8257,8.8161,-0.22632
8200,1.71,8.8384,-0.22158
8220,1.5938,8.8581,-0.21839
8240,1.4776,8.8773,-0.21366
8260,1.3611,8.895,-0.20892
8280,1.2445,8.9112,-0.20419
8300,1.1276,8.9258,-0.20102
8320,1.0106,8.9389,-0.19629
8340,0.89338,8.9505,-0.19156
8360,0.77606,8.9605,-0.18683
8380,0.65864,8.969,-0.1821
8400,0.54119,8.977,-0.17739
8420,0.4236,8.9824,-0.17266
8440,0.30599,8.9872,-0.16952
8460,0.1883,8.9895,-0.1648
8480,0.070619,8.9913,-0.16009
8500,-0.04708,8.9915,-0.15538
8520,-0.16477,8.9902,-0.15067
8540,-0.28244,8.9874,-0.14596
8560,-0.40006,8.983,-0.14126
8580,-0.51761,8.9771,-0.13655
8600,-0.63508,8.9696,-0.13027
8620,-0.75244,8.9606,-0.12556
8640,-0.86967,8.95,-0.12085
8660,-0.98687,8.9389,-0.11616
8680,-1.1038,8.9253,-0.11145
8700,-1.2207,8.9111,-0.10675
8720,-1.3374,8.8955,-0.10205
8740,-1.4537,8.8772,-0.097344
8760,-1.57,8.8585,-0.092644
8780,-1.686,8.8382,-0.086373
8800,-1.8017,8.8164,-0.081671
8820,-1.9172,8.7931,-0.076968
8840,-2.0324,8.7683,-0.072264
8860,-2.1475,8.7429,-0.067566
8880,-2.262,8.715,-0.061288
8900,-2.3761,8.6857,-0.05658
8920,-2.4902,8.6558,-0.051876
8940,-2.6021,8.6239,-0.047166
8960,-2.7153,8.591,-0.042458
8980,-2.8279,8.5557,-0.036172
9000,-2.9403,8.5199,-0.031461
9020,-3.0507,8.4831,-0.026748
9040,-3.1622,8.4443,-0.022033
9060,-3.2732,8.4041,-0.015741
9080,-3.3822,8.3629,-0.011021
9100,-3.4922,8.3198,-0.0062992
9120,-3.6002,8.2758,-0.0015752
9140,-3.7094,8.2307,0.004727
9160,-3.8162,8.184,0.0094562
9180,-3.9243,8.136,0.014189
9200,-4.03,8.0864,0.018923
9220,-4.1354,8.0363,0.025239
9240,-4.2398,7.984,0.029978
9260,-4.3454,7.9305,0.034723
9280,-4.4489,7.8763,0.03947
9300,-4.5518,7.8207,0.044222
9320,-4.6539,7.7638,0.050556
9340,-4.7554,7.7056,0.055314
9360,-4.8561,7.6461,0.060074
9380,-4.956,7.5852,0.064839
9400,-5.0553,7.523,0.069606
9420,-5.1537,7.4595,0.074376
9440,-5.2519,7.3956,0.080742
9460,-5.3474,7.3304,0.085519
9480,-5.444,7.2639,0.09031
9500,-5.5392,7.1954,0.095094
9520,-5.6328,7.1273,0.099893
9540,-5.7269,7.057,0.1047
9560,-5.8182,6.9857,0.10949
9580,-5.9105,6.913,0.1143
9600,-6.0007,6.8401,0.11912
9620,-6.09,6.766,0.12393
9640,-6.1784,6.6908,0.12876
9660,-6.2658,6.6144,0.13358
9680,-6.3535,6.5357,0.13842
9700,-6.439,6.457,0.14325
9720,-6.5236,6.3772,0.14809
9740,-6.6067,6.2981,0.15295
9760,-6.6893,6.2161,0.1578
9780,-6.7709,6.133,0.16265
9800,-6.8521,6.0495,0.16753
9820,-6.9306,5.9655,0.17239
9840,-7.0098,5.8798,0.17568
9860,-7.0869,5.7944,0.18056
9880,-7.1632,5.7061,0.18544
9900,-7.2382,5.6186,0.19034
9920,-7.3122,5.5302,0.19524
9940,-7.3843,5.4402,0.19853
9960,-7.456,5.3498,0.20344
9980,-7.5267,5.2585,0.20836
10000,-7.5962,5.1663,0.21168
10020,-7.6646,5.0731,0.21661
10040,-7.7319,4.979,0.22154
10060,-7.798,4.8841,0.22487
10080,-7.8621,4.7896,0.22982
10100,-7.9267,4.6935,0.23318
10120,-7.9885,4.5973,0.23813
10140,-8.0499,4.499,0.24148
10160,-8.1094,4.4012,0.24644
10180,-8.1685,4.3031,0.24983
10200,-8.2263,4.2024,0.25319
10220,-8.2821,4.1023,0.25816
10240,-8.3376,4.0019,0.26156
10260,-8.391,3.9003,0.26655
10280,-8.4434,3.7999,0.26995
10300,-8.4943,3.697,0.27333
10320,-8.5449,3.5937,0.27674
10340,-8.5936,3.4913,0.28178
10360,-8.6408,3.3863,0.28517
10380,-8.687,3.2826,0.2886
10400,-8.7326,3.1767,0.29203
10420,-8.7753,3.0714,0.29543
10440,-8.8178,2.9658,0.29887
10460,-8.859,2.8597,0.30231
10480,-8.8989,2.753,0.30575
10500,-8.9375,2.6457,0.30921
10520,-8.9739,2.5377,0.31263
10540,-9.0095,2.4309,0.31608
10560,-9.0442,2.3222,0.31955
10580,-9.0776,2.2129,0.32301
10600,-9.1093,2.1047,0.32648
10620,-9.1401,1.9945,0.32833
10640,-9.1693,1.8855,0.33181
10660,-9.1971,1.7761,0.33529
10680,-9.2236,1.6662,0.33714
10700,-9.2488,1.556,0.34063
10720,-9.2727,1.4454,0.34412
